# This file may be used to create an environment using:
# $ conda create --name <env> --file <this file>
# platform: win-64
asgiref=3.4.1=pyhd8ed1ab_0
ca-certificates=2021.5.30=h5b45459_0
certifi=2021.5.30=py39hcbf5309_0
django=3.2.6=pyhd8ed1ab_0
freetype=2.10.4=h546665d_1
jbig=2.1=h8d14728_2003
jpeg=9d=h8ffe710_0
krb5=1.19.2=hbae68bd_0
lcms2=2.12=h2a16943_0
lerc=2.2.1=h0e60522_0
libdeflate=1.7=h8ffe710_5
libpng=1.6.37=h1d00b33_2
libpq=13.3=hfcc5ef8_0
libtiff=4.3.0=h0c97f57_1
lz4-c=1.9.3=h8ffe710_1
olefile=0.46=pyh9f0ad1d_1
openjpeg=2.4.0=hb211442_1
openssl=1.1.1k=h8ffe710_0
pillow=8.3.1=py39h916092e_0
pip=20.3.4=pyhd8ed1ab_0
psycopg2=2.9.1=py39h0878f49_0
pycryptodome=3.10.1=py39hb82d6ee_0
python=3.9.6=h7840368_1_cpython
python_abi=3.9=2_cp39
pytz=2020.1=py_0
setuptools=49.6.0=py39hcbf5309_3
sqlite=3.36.0=h8ffe710_0
sqlparse=0.4.1=py_0
tk=8.6.10=h8ffe710_1
typing_extensions=3.10.0.0=pyha770c72_0
tzdata=2021a=he74cb21_1
ucrt=10.0.20348.0=h57928b3_0
vc=14.2=hb210afc_5
vs2015_runtime=14.29.30037=h902a5da_5
wheel=0.36.2=pyhd3deb0d_0
wincertstore=0.2=py39hcbf5309_1006
xz=5.2.5=h62dcd97_1
zlib=1.2.11=h62dcd97_1010
zstd=1.5.0=h6255e5f_0
